{
 "cells": [
  {
   "cell_type": "code",
   "execution_count": 1,
   "id": "e76c38fd",
   "metadata": {},
   "outputs": [],
   "source": [
    "import numpy as np\n",
    "import pickle\n",
    "\n",
    "from scipy.stats import spearmanr\n",
    "import itertools\n",
    "\n",
    "import seaborn as sns\n",
    "import matplotlib.pyplot as plt"
   ]
  },
  {
   "cell_type": "markdown",
   "id": "43b9dcac",
   "metadata": {},
   "source": [
    "# load explanations"
   ]
  },
  {
   "cell_type": "code",
   "execution_count": 2,
   "id": "0696dd72",
   "metadata": {},
   "outputs": [],
   "source": [
    "#load explanations\n",
    "\n",
    "#lime\n",
    "method='lime'\n",
    "model_names = ['logistic', 'gb', 'rf', 'nn', 'nn_logistic']\n",
    "n=3000\n",
    "\n",
    "filenames = {m: f'explanations/expl_{method}_{m}_n{n}.pkl' for m in model_names}\n",
    "attr_lime = {m: pickle.load(open(filenames[m], 'rb')) for m in model_names}\n",
    "\n",
    "\n",
    "#kernelshap\n",
    "method='kernelshap'\n",
    "model_names = ['logistic', 'gb', 'rf', 'nn', 'nn_logistic']\n",
    "\n",
    "filenames = {m: f'explanations/expl_{method}_{m}.pkl' for m in model_names}\n",
    "attr_kernelshap = {m: pickle.load(open(filenames[m], 'rb')) for m in model_names}\n",
    "\n",
    "\n",
    "#vanillagrad\n",
    "method='vanillagrad'\n",
    "model_names = ['nn', 'nn_logistic']\n",
    "\n",
    "filenames = {m: f'explanations/expl_{method}_{m}.pkl' for m in model_names}\n",
    "attr_vanillagrad = {m: pickle.load(open(filenames[m], 'rb')) for m in model_names}\n",
    "\n",
    "\n",
    "#gradient*input\n",
    "method='gradtinput'\n",
    "model_names = ['nn', 'nn_logistic']\n",
    "\n",
    "filenames = {m: f'explanations/expl_{method}_{m}.pkl' for m in model_names}\n",
    "attr_gradtinput = {m: pickle.load(open(filenames[m], 'rb')) for m in model_names}\n",
    "\n",
    "\n",
    "\n",
    "#integrated gradients\n",
    "method='integratedgrad'\n",
    "model_names = ['nn', 'nn_logistic']\n",
    "n=1500\n",
    "\n",
    "filenames = {m: f'explanations/expl_{method}_{m}_n{n}.pkl' for m in model_names}\n",
    "attr_integratedgrad = {m: pickle.load(open(filenames[m], 'rb')) for m in model_names}\n",
    "\n",
    "\n",
    "#smoothgrad\n",
    "method='smoothgrad'\n",
    "model_names = ['nn', 'nn_logistic']\n",
    "n=1500\n",
    "\n",
    "filenames = {m: f'explanations/expl_{method}_{m}_n{n}.pkl' for m in model_names}\n",
    "attr_smoothgrad = {m: pickle.load(open(filenames[m], 'rb')) for m in model_names}\n"
   ]
  },
  {
   "cell_type": "markdown",
   "id": "aed583ca",
   "metadata": {},
   "source": [
    "# calculate topk agreement + plot"
   ]
  },
  {
   "cell_type": "code",
   "execution_count": 3,
   "id": "baa33bcd",
   "metadata": {},
   "outputs": [],
   "source": [
    "#calculate topk agreement, two methods\n",
    "def calc_topk_agreement_two_methods(attr1, attr2, k):\n",
    "    '''\n",
    "    attr1: np.array, n x p\n",
    "    attr2: np.array, n x p\n",
    "    '''\n",
    "    #calculate feature ranks\n",
    "    ranks1 = np.argsort(-np.abs(attr1), axis=1)\n",
    "    ranks2 = np.argsort(-np.abs(attr2), axis=1)\n",
    "\n",
    "    #get topk features\n",
    "    topk1 = ranks1[:, 0:k]\n",
    "    topk2 = ranks2[:, 0:k]\n",
    "\n",
    "    #calculate proportion of features in common among top k\n",
    "    topk1_sets = [set(row) for row in topk1]\n",
    "    topk2_sets = [set(row) for row in topk2]\n",
    "    prop_common_list = [len(setA.intersection(setB))/k for setA, setB in zip(topk1_sets, topk2_sets)] #prop for one datapoint = (#topk features in common)/k\n",
    "\n",
    "    return np.array(prop_common_list) #proportion agreement among topk features for each datapoint\n"
   ]
  },
  {
   "cell_type": "code",
   "execution_count": 4,
   "id": "612363e8",
   "metadata": {},
   "outputs": [],
   "source": [
    "#calculate topk agreement, all methods\n",
    "def calc_topk_agreement_all_methods(expl_methods_names, expl_methods_attrs, k):\n",
    "    #initiate matrix\n",
    "    num_expl_methods = len(expl_methods_attrs)\n",
    "    topk_matrix = np.zeros([num_expl_methods, num_expl_methods])\n",
    "    #fill matrix with pairwise topk agreement\n",
    "    for a, b in itertools.combinations_with_replacement(range(num_expl_methods), 2):\n",
    "        print(f'calculating {expl_methods_names[a]} ({a}) and {expl_methods_names[b]} ({b})')\n",
    "        topk_agreement = calc_topk_agreement_two_methods(expl_methods_attrs[a], expl_methods_attrs[b], k) #prop. in common for each datapoint\n",
    "        topk_matrix[a, b] = np.mean(topk_agreement) #average prop. in common\n",
    "        topk_matrix[b, a] = topk_matrix[a, b]\n",
    "    \n",
    "    return topk_matrix\n"
   ]
  },
  {
   "cell_type": "code",
   "execution_count": 5,
   "id": "ccb3e1e1",
   "metadata": {},
   "outputs": [],
   "source": [
    "#plot\n",
    "def plot_corr_matrix(corr_matrix, plot_path, \n",
    "                     labels=['LIME', 'KernelSHAP', 'Grad', 'Grad*Input', 'IntGrad', 'SmoothGRAD']):\n",
    "    mask = np.invert(np.tril(np.ones_like(corr_matrix, dtype=bool))) #mask for upper triangle\n",
    "    cmap = sns.color_palette('vlag', as_cmap=True) #diverging colormap\n",
    "    \n",
    "    #heatmap\n",
    "    plt.figure(figsize=(15, 7))\n",
    "    sns.heatmap(corr_matrix, mask=mask, cmap=cmap, \n",
    "                vmin=0, vmax=1, center=0,\n",
    "                xticklabels=labels, yticklabels=labels,\n",
    "                square=True, linewidths=.5, cbar_kws={'shrink': 0.995})\n",
    "    plt.yticks(rotation=0)\n",
    "    plt.savefig(plot_path, facecolor='white', transparent=False)"
   ]
  },
  {
   "cell_type": "code",
   "execution_count": 6,
   "id": "e5bae8df",
   "metadata": {},
   "outputs": [],
   "source": [
    "#full analysis function\n",
    "def topk_agreement_analysis(expl_methods_names, expl_methods_attrs, k, plot_path, \n",
    "                              labels=['LIME', 'KernelSHAP', 'Grad', 'Grad*Input', 'IntGrad', 'SmoothGRAD']):\n",
    "    topk_matrix = calc_topk_agreement_all_methods(expl_methods_names, expl_methods_attrs, k)\n",
    "    plot_corr_matrix(topk_matrix, plot_path, labels)\n",
    "    \n",
    "    return topk_matrix"
   ]
  },
  {
   "cell_type": "markdown",
   "id": "1c0937f1",
   "metadata": {},
   "source": [
    "# results"
   ]
  },
  {
   "cell_type": "markdown",
   "id": "282750c0",
   "metadata": {},
   "source": [
    "### NN + logistic"
   ]
  },
  {
   "cell_type": "code",
   "execution_count": 7,
   "id": "7349aec5",
   "metadata": {
    "scrolled": true
   },
   "outputs": [
    {
     "name": "stdout",
     "output_type": "stream",
     "text": [
      "----------- calculating top k agreement for nn, k=1\n",
      "calculating LIME (0) and LIME (0)\n",
      "calculating LIME (0) and KernelSHAP (1)\n",
      "calculating LIME (0) and Grad (2)\n",
      "calculating LIME (0) and Grad*Input (3)\n",
      "calculating LIME (0) and IntGrad (4)\n",
      "calculating LIME (0) and SmoothGRAD (5)\n",
      "calculating KernelSHAP (1) and KernelSHAP (1)\n",
      "calculating KernelSHAP (1) and Grad (2)\n",
      "calculating KernelSHAP (1) and Grad*Input (3)\n",
      "calculating KernelSHAP (1) and IntGrad (4)\n",
      "calculating KernelSHAP (1) and SmoothGRAD (5)\n",
      "calculating Grad (2) and Grad (2)\n",
      "calculating Grad (2) and Grad*Input (3)\n",
      "calculating Grad (2) and IntGrad (4)\n",
      "calculating Grad (2) and SmoothGRAD (5)\n",
      "calculating Grad*Input (3) and Grad*Input (3)\n",
      "calculating Grad*Input (3) and IntGrad (4)\n",
      "calculating Grad*Input (3) and SmoothGRAD (5)\n",
      "calculating IntGrad (4) and IntGrad (4)\n",
      "calculating IntGrad (4) and SmoothGRAD (5)\n",
      "calculating SmoothGRAD (5) and SmoothGRAD (5)\n",
      "[[1.         0.4851552  0.         0.97840756 0.97705803 0.        ]\n",
      " [0.4851552  1.         0.01282051 0.50269906 0.50404858 0.01282051]\n",
      " [0.         0.01282051 1.         0.         0.         0.87381916]\n",
      " [0.97840756 0.50269906 0.         1.         0.99595142 0.        ]\n",
      " [0.97705803 0.50404858 0.         0.99595142 1.         0.        ]\n",
      " [0.         0.01282051 0.87381916 0.         0.         1.        ]]\n",
      "----------- calculating top k agreement for nn, k=2\n",
      "calculating LIME (0) and LIME (0)\n",
      "calculating LIME (0) and KernelSHAP (1)\n",
      "calculating LIME (0) and Grad (2)\n",
      "calculating LIME (0) and Grad*Input (3)\n",
      "calculating LIME (0) and IntGrad (4)\n",
      "calculating LIME (0) and SmoothGRAD (5)\n",
      "calculating KernelSHAP (1) and KernelSHAP (1)\n",
      "calculating KernelSHAP (1) and Grad (2)\n",
      "calculating KernelSHAP (1) and Grad*Input (3)\n",
      "calculating KernelSHAP (1) and IntGrad (4)\n",
      "calculating KernelSHAP (1) and SmoothGRAD (5)\n",
      "calculating Grad (2) and Grad (2)\n",
      "calculating Grad (2) and Grad*Input (3)\n",
      "calculating Grad (2) and IntGrad (4)\n",
      "calculating Grad (2) and SmoothGRAD (5)\n",
      "calculating Grad*Input (3) and Grad*Input (3)\n",
      "calculating Grad*Input (3) and IntGrad (4)\n",
      "calculating Grad*Input (3) and SmoothGRAD (5)\n",
      "calculating IntGrad (4) and IntGrad (4)\n",
      "calculating IntGrad (4) and SmoothGRAD (5)\n",
      "calculating SmoothGRAD (5) and SmoothGRAD (5)\n",
      "[[1.         0.79183536 0.         0.71997301 0.72165992 0.        ]\n",
      " [0.79183536 1.         0.08468286 0.57793522 0.59210526 0.08468286]\n",
      " [0.         0.08468286 1.         0.18016194 0.16430499 1.        ]\n",
      " [0.71997301 0.57793522 0.18016194 1.         0.97300945 0.18016194]\n",
      " [0.72165992 0.59210526 0.16430499 0.97300945 1.         0.16430499]\n",
      " [0.         0.08468286 1.         0.18016194 0.16430499 1.        ]]\n",
      "----------- calculating top k agreement for nn, k=3\n",
      "calculating LIME (0) and LIME (0)\n",
      "calculating LIME (0) and KernelSHAP (1)\n",
      "calculating LIME (0) and Grad (2)\n",
      "calculating LIME (0) and Grad*Input (3)\n",
      "calculating LIME (0) and IntGrad (4)\n",
      "calculating LIME (0) and SmoothGRAD (5)\n",
      "calculating KernelSHAP (1) and KernelSHAP (1)\n",
      "calculating KernelSHAP (1) and Grad (2)\n",
      "calculating KernelSHAP (1) and Grad*Input (3)\n",
      "calculating KernelSHAP (1) and IntGrad (4)\n",
      "calculating KernelSHAP (1) and SmoothGRAD (5)\n",
      "calculating Grad (2) and Grad (2)\n",
      "calculating Grad (2) and Grad*Input (3)\n",
      "calculating Grad (2) and IntGrad (4)\n",
      "calculating Grad (2) and SmoothGRAD (5)\n",
      "calculating Grad*Input (3) and Grad*Input (3)\n",
      "calculating Grad*Input (3) and IntGrad (4)\n",
      "calculating Grad*Input (3) and SmoothGRAD (5)\n",
      "calculating IntGrad (4) and IntGrad (4)\n",
      "calculating IntGrad (4) and SmoothGRAD (5)\n",
      "calculating SmoothGRAD (5) and SmoothGRAD (5)\n",
      "[[1.         0.73841655 0.28385065 0.62010796 0.62775529 0.29712101]\n",
      " [0.73841655 1.         0.45838956 0.58974359 0.59671615 0.47188484]\n",
      " [0.28385065 0.45838956 1.         0.44781826 0.44062078 0.96738641]\n",
      " [0.62010796 0.58974359 0.44781826 1.         0.97998201 0.44579397]\n",
      " [0.62775529 0.59671615 0.44062078 0.97998201 1.         0.43882141]\n",
      " [0.29712101 0.47188484 0.96738641 0.44579397 0.43882141 1.        ]]\n",
      "----------- calculating top k agreement for nn, k=4\n",
      "calculating LIME (0) and LIME (0)\n",
      "calculating LIME (0) and KernelSHAP (1)\n",
      "calculating LIME (0) and Grad (2)\n",
      "calculating LIME (0) and Grad*Input (3)\n",
      "calculating LIME (0) and IntGrad (4)\n",
      "calculating LIME (0) and SmoothGRAD (5)\n",
      "calculating KernelSHAP (1) and KernelSHAP (1)\n",
      "calculating KernelSHAP (1) and Grad (2)\n",
      "calculating KernelSHAP (1) and Grad*Input (3)\n",
      "calculating KernelSHAP (1) and IntGrad (4)\n",
      "calculating KernelSHAP (1) and SmoothGRAD (5)\n",
      "calculating Grad (2) and Grad (2)\n",
      "calculating Grad (2) and Grad*Input (3)\n",
      "calculating Grad (2) and IntGrad (4)\n",
      "calculating Grad (2) and SmoothGRAD (5)\n",
      "calculating Grad*Input (3) and Grad*Input (3)\n",
      "calculating Grad*Input (3) and IntGrad (4)\n",
      "calculating Grad*Input (3) and SmoothGRAD (5)\n",
      "calculating IntGrad (4) and IntGrad (4)\n",
      "calculating IntGrad (4) and SmoothGRAD (5)\n",
      "calculating SmoothGRAD (5) and SmoothGRAD (5)\n",
      "[[1.         0.84210526 0.51889339 0.73093792 0.73363698 0.51889339]\n",
      " [0.84210526 1.         0.59159919 0.70023617 0.7015857  0.59159919]\n",
      " [0.51889339 0.59159919 1.         0.59531039 0.59193657 1.        ]\n",
      " [0.73093792 0.70023617 0.59531039 1.         0.98852901 0.59531039]\n",
      " [0.73363698 0.7015857  0.59193657 0.98852901 1.         0.59193657]\n",
      " [0.51889339 0.59159919 1.         0.59531039 0.59193657 1.        ]]\n",
      "----------- calculating top k agreement for nn, k=5\n",
      "calculating LIME (0) and LIME (0)\n",
      "calculating LIME (0) and KernelSHAP (1)\n",
      "calculating LIME (0) and Grad (2)\n",
      "calculating LIME (0) and Grad*Input (3)\n",
      "calculating LIME (0) and IntGrad (4)\n",
      "calculating LIME (0) and SmoothGRAD (5)\n",
      "calculating KernelSHAP (1) and KernelSHAP (1)\n",
      "calculating KernelSHAP (1) and Grad (2)\n",
      "calculating KernelSHAP (1) and Grad*Input (3)\n",
      "calculating KernelSHAP (1) and IntGrad (4)\n",
      "calculating KernelSHAP (1) and SmoothGRAD (5)\n",
      "calculating Grad (2) and Grad (2)\n",
      "calculating Grad (2) and Grad*Input (3)\n",
      "calculating Grad (2) and IntGrad (4)\n",
      "calculating Grad (2) and SmoothGRAD (5)\n",
      "calculating Grad*Input (3) and Grad*Input (3)\n",
      "calculating Grad*Input (3) and IntGrad (4)\n",
      "calculating Grad*Input (3) and SmoothGRAD (5)\n",
      "calculating IntGrad (4) and IntGrad (4)\n",
      "calculating IntGrad (4) and SmoothGRAD (5)\n",
      "calculating SmoothGRAD (5) and SmoothGRAD (5)\n",
      "[[1.         0.96099865 0.79068826 0.8168691  0.81808367 0.80391363]\n",
      " [0.96099865 1.         0.79838057 0.80688259 0.80769231 0.81120108]\n",
      " [0.79068826 0.79838057 1.         0.79919028 0.79811066 0.98569501]\n",
      " [0.8168691  0.80688259 0.79919028 1.         0.99487179 0.81187584]\n",
      " [0.81808367 0.80769231 0.79811066 0.99487179 1.         0.81066127]\n",
      " [0.80391363 0.81120108 0.98569501 0.81187584 0.81066127 1.        ]]\n",
      "----------- calculating top k agreement for nn, k=6\n",
      "calculating LIME (0) and LIME (0)\n",
      "calculating LIME (0) and KernelSHAP (1)\n",
      "calculating LIME (0) and Grad (2)\n",
      "calculating LIME (0) and Grad*Input (3)\n",
      "calculating LIME (0) and IntGrad (4)\n",
      "calculating LIME (0) and SmoothGRAD (5)\n",
      "calculating KernelSHAP (1) and KernelSHAP (1)\n",
      "calculating KernelSHAP (1) and Grad (2)\n",
      "calculating KernelSHAP (1) and Grad*Input (3)\n",
      "calculating KernelSHAP (1) and IntGrad (4)\n",
      "calculating KernelSHAP (1) and SmoothGRAD (5)\n",
      "calculating Grad (2) and Grad (2)\n",
      "calculating Grad (2) and Grad*Input (3)\n",
      "calculating Grad (2) and IntGrad (4)\n",
      "calculating Grad (2) and SmoothGRAD (5)\n",
      "calculating Grad*Input (3) and Grad*Input (3)\n",
      "calculating Grad*Input (3) and IntGrad (4)\n",
      "calculating Grad*Input (3) and SmoothGRAD (5)\n",
      "calculating IntGrad (4) and IntGrad (4)\n",
      "calculating IntGrad (4) and SmoothGRAD (5)\n",
      "calculating SmoothGRAD (5) and SmoothGRAD (5)\n",
      "[[1.         0.99471435 0.88461538 0.90620783 0.90654521 0.84986505]\n",
      " [0.99471435 1.         0.88450292 0.90564552 0.90598291 0.84930274]\n",
      " [0.88461538 0.88450292 1.         0.85042735 0.85008997 0.9582771 ]\n",
      " [0.90620783 0.90564552 0.85042735 1.         0.99966262 0.84266757]\n",
      " [0.90654521 0.90598291 0.85008997 0.99966262 1.         0.84233018]\n",
      " [0.84986505 0.84930274 0.9582771  0.84266757 0.84233018 1.        ]]\n",
      "----------- calculating top k agreement for nn, k=7\n",
      "calculating LIME (0) and LIME (0)\n",
      "calculating LIME (0) and KernelSHAP (1)\n",
      "calculating LIME (0) and Grad (2)\n",
      "calculating LIME (0) and Grad*Input (3)\n",
      "calculating LIME (0) and IntGrad (4)\n",
      "calculating LIME (0) and SmoothGRAD (5)\n",
      "calculating KernelSHAP (1) and KernelSHAP (1)\n",
      "calculating KernelSHAP (1) and Grad (2)\n",
      "calculating KernelSHAP (1) and Grad*Input (3)\n",
      "calculating KernelSHAP (1) and IntGrad (4)\n",
      "calculating KernelSHAP (1) and SmoothGRAD (5)\n",
      "calculating Grad (2) and Grad (2)\n",
      "calculating Grad (2) and Grad*Input (3)\n",
      "calculating Grad (2) and IntGrad (4)\n",
      "calculating Grad (2) and SmoothGRAD (5)\n",
      "calculating Grad*Input (3) and Grad*Input (3)\n",
      "calculating Grad*Input (3) and IntGrad (4)\n",
      "calculating Grad*Input (3) and SmoothGRAD (5)\n",
      "calculating IntGrad (4) and IntGrad (4)\n",
      "calculating IntGrad (4) and SmoothGRAD (5)\n",
      "calculating SmoothGRAD (5) and SmoothGRAD (5)\n"
     ]
    },
    {
     "name": "stdout",
     "output_type": "stream",
     "text": [
      "[[1. 1. 1. 1. 1. 1.]\n",
      " [1. 1. 1. 1. 1. 1.]\n",
      " [1. 1. 1. 1. 1. 1.]\n",
      " [1. 1. 1. 1. 1. 1.]\n",
      " [1. 1. 1. 1. 1. 1.]\n",
      " [1. 1. 1. 1. 1. 1.]]\n",
      "----------- calculating top k agreement for nn_logistic, k=1\n",
      "calculating LIME (0) and LIME (0)\n",
      "calculating LIME (0) and KernelSHAP (1)\n",
      "calculating LIME (0) and Grad (2)\n",
      "calculating LIME (0) and Grad*Input (3)\n",
      "calculating LIME (0) and IntGrad (4)\n",
      "calculating LIME (0) and SmoothGRAD (5)\n",
      "calculating KernelSHAP (1) and KernelSHAP (1)\n",
      "calculating KernelSHAP (1) and Grad (2)\n",
      "calculating KernelSHAP (1) and Grad*Input (3)\n",
      "calculating KernelSHAP (1) and IntGrad (4)\n",
      "calculating KernelSHAP (1) and SmoothGRAD (5)\n",
      "calculating Grad (2) and Grad (2)\n",
      "calculating Grad (2) and Grad*Input (3)\n",
      "calculating Grad (2) and IntGrad (4)\n",
      "calculating Grad (2) and SmoothGRAD (5)\n",
      "calculating Grad*Input (3) and Grad*Input (3)\n",
      "calculating Grad*Input (3) and IntGrad (4)\n",
      "calculating Grad*Input (3) and SmoothGRAD (5)\n",
      "calculating IntGrad (4) and IntGrad (4)\n",
      "calculating IntGrad (4) and SmoothGRAD (5)\n",
      "calculating SmoothGRAD (5) and SmoothGRAD (5)\n",
      "[[1.         0.50067476 0.         0.98110661 0.98110661 0.        ]\n",
      " [0.50067476 1.         0.05465587 0.51956815 0.51956815 0.05465587]\n",
      " [0.         0.05465587 1.         0.         0.         1.        ]\n",
      " [0.98110661 0.51956815 0.         1.         1.         0.        ]\n",
      " [0.98110661 0.51956815 0.         1.         1.         0.        ]\n",
      " [0.         0.05465587 1.         0.         0.         1.        ]]\n",
      "----------- calculating top k agreement for nn_logistic, k=2\n",
      "calculating LIME (0) and LIME (0)\n",
      "calculating LIME (0) and KernelSHAP (1)\n",
      "calculating LIME (0) and Grad (2)\n",
      "calculating LIME (0) and Grad*Input (3)\n",
      "calculating LIME (0) and IntGrad (4)\n",
      "calculating LIME (0) and SmoothGRAD (5)\n",
      "calculating KernelSHAP (1) and KernelSHAP (1)\n",
      "calculating KernelSHAP (1) and Grad (2)\n",
      "calculating KernelSHAP (1) and Grad*Input (3)\n",
      "calculating KernelSHAP (1) and IntGrad (4)\n",
      "calculating KernelSHAP (1) and SmoothGRAD (5)\n",
      "calculating Grad (2) and Grad (2)\n",
      "calculating Grad (2) and Grad*Input (3)\n",
      "calculating Grad (2) and IntGrad (4)\n",
      "calculating Grad (2) and SmoothGRAD (5)\n",
      "calculating Grad*Input (3) and Grad*Input (3)\n",
      "calculating Grad*Input (3) and IntGrad (4)\n",
      "calculating Grad*Input (3) and SmoothGRAD (5)\n",
      "calculating IntGrad (4) and IntGrad (4)\n",
      "calculating IntGrad (4) and SmoothGRAD (5)\n",
      "calculating SmoothGRAD (5) and SmoothGRAD (5)\n",
      "[[1.         0.73043185 0.00236167 0.66295547 0.66295547 0.00236167]\n",
      " [0.73043185 1.         0.24561404 0.52327935 0.52327935 0.24561404]\n",
      " [0.00236167 0.24561404 1.         0.24460189 0.24460189 1.        ]\n",
      " [0.66295547 0.52327935 0.24460189 1.         1.         0.24460189]\n",
      " [0.66295547 0.52327935 0.24460189 1.         1.         0.24460189]\n",
      " [0.00236167 0.24561404 1.         0.24460189 0.24460189 1.        ]]\n",
      "----------- calculating top k agreement for nn_logistic, k=3\n",
      "calculating LIME (0) and LIME (0)\n",
      "calculating LIME (0) and KernelSHAP (1)\n",
      "calculating LIME (0) and Grad (2)\n",
      "calculating LIME (0) and Grad*Input (3)\n",
      "calculating LIME (0) and IntGrad (4)\n",
      "calculating LIME (0) and SmoothGRAD (5)\n",
      "calculating KernelSHAP (1) and KernelSHAP (1)\n",
      "calculating KernelSHAP (1) and Grad (2)\n",
      "calculating KernelSHAP (1) and Grad*Input (3)\n",
      "calculating KernelSHAP (1) and IntGrad (4)\n",
      "calculating KernelSHAP (1) and SmoothGRAD (5)\n",
      "calculating Grad (2) and Grad (2)\n",
      "calculating Grad (2) and Grad*Input (3)\n",
      "calculating Grad (2) and IntGrad (4)\n",
      "calculating Grad (2) and SmoothGRAD (5)\n",
      "calculating Grad*Input (3) and Grad*Input (3)\n",
      "calculating Grad*Input (3) and IntGrad (4)\n",
      "calculating Grad*Input (3) and SmoothGRAD (5)\n",
      "calculating IntGrad (4) and IntGrad (4)\n",
      "calculating IntGrad (4) and SmoothGRAD (5)\n",
      "calculating SmoothGRAD (5) and SmoothGRAD (5)\n",
      "[[1.         0.84233018 0.33333333 0.69118309 0.69118309 0.33333333]\n",
      " [0.84233018 1.         0.44309492 0.58929375 0.58929375 0.44309492]\n",
      " [0.33333333 0.44309492 1.         0.40935673 0.40935673 1.        ]\n",
      " [0.69118309 0.58929375 0.40935673 1.         1.         0.40935673]\n",
      " [0.69118309 0.58929375 0.40935673 1.         1.         0.40935673]\n",
      " [0.33333333 0.44309492 1.         0.40935673 0.40935673 1.        ]]\n",
      "----------- calculating top k agreement for nn_logistic, k=4\n",
      "calculating LIME (0) and LIME (0)\n",
      "calculating LIME (0) and KernelSHAP (1)\n",
      "calculating LIME (0) and Grad (2)\n",
      "calculating LIME (0) and Grad*Input (3)\n",
      "calculating LIME (0) and IntGrad (4)\n",
      "calculating LIME (0) and SmoothGRAD (5)\n",
      "calculating KernelSHAP (1) and KernelSHAP (1)\n",
      "calculating KernelSHAP (1) and Grad (2)\n",
      "calculating KernelSHAP (1) and Grad*Input (3)\n",
      "calculating KernelSHAP (1) and IntGrad (4)\n",
      "calculating KernelSHAP (1) and SmoothGRAD (5)\n",
      "calculating Grad (2) and Grad (2)\n",
      "calculating Grad (2) and Grad*Input (3)\n",
      "calculating Grad (2) and IntGrad (4)\n",
      "calculating Grad (2) and SmoothGRAD (5)\n",
      "calculating Grad*Input (3) and Grad*Input (3)\n",
      "calculating Grad*Input (3) and IntGrad (4)\n",
      "calculating Grad*Input (3) and SmoothGRAD (5)\n",
      "calculating IntGrad (4) and IntGrad (4)\n",
      "calculating IntGrad (4) and SmoothGRAD (5)\n",
      "calculating SmoothGRAD (5) and SmoothGRAD (5)\n",
      "[[1.         0.9122807  0.75       0.74713225 0.74713225 0.75      ]\n",
      " [0.9122807  1.         0.74780702 0.68370445 0.68370445 0.74780702]\n",
      " [0.75       0.74780702 1.         0.61605938 0.61605938 1.        ]\n",
      " [0.74713225 0.68370445 0.61605938 1.         1.         0.61605938]\n",
      " [0.74713225 0.68370445 0.61605938 1.         1.         0.61605938]\n",
      " [0.75       0.74780702 1.         0.61605938 0.61605938 1.        ]]\n",
      "----------- calculating top k agreement for nn_logistic, k=5\n",
      "calculating LIME (0) and LIME (0)\n",
      "calculating LIME (0) and KernelSHAP (1)\n",
      "calculating LIME (0) and Grad (2)\n",
      "calculating LIME (0) and Grad*Input (3)\n",
      "calculating LIME (0) and IntGrad (4)\n",
      "calculating LIME (0) and SmoothGRAD (5)\n",
      "calculating KernelSHAP (1) and KernelSHAP (1)\n",
      "calculating KernelSHAP (1) and Grad (2)\n",
      "calculating KernelSHAP (1) and Grad*Input (3)\n",
      "calculating KernelSHAP (1) and IntGrad (4)\n",
      "calculating KernelSHAP (1) and SmoothGRAD (5)\n",
      "calculating Grad (2) and Grad (2)\n",
      "calculating Grad (2) and Grad*Input (3)\n",
      "calculating Grad (2) and IntGrad (4)\n",
      "calculating Grad (2) and SmoothGRAD (5)\n",
      "calculating Grad*Input (3) and Grad*Input (3)\n",
      "calculating Grad*Input (3) and IntGrad (4)\n",
      "calculating Grad*Input (3) and SmoothGRAD (5)\n",
      "calculating IntGrad (4) and IntGrad (4)\n",
      "calculating IntGrad (4) and SmoothGRAD (5)\n",
      "calculating SmoothGRAD (5) and SmoothGRAD (5)\n",
      "[[1.         0.89082321 0.98407557 0.81889339 0.81889339 0.98407557]\n",
      " [0.89082321 1.         0.88987854 0.79095816 0.79095816 0.88987854]\n",
      " [0.98407557 0.88987854 1.         0.81821862 0.81821862 1.        ]\n",
      " [0.81889339 0.79095816 0.81821862 1.         1.         0.81821862]\n",
      " [0.81889339 0.79095816 0.81821862 1.         1.         0.81821862]\n",
      " [0.98407557 0.88987854 1.         0.81821862 0.81821862 1.        ]]\n",
      "----------- calculating top k agreement for nn_logistic, k=6\n",
      "calculating LIME (0) and LIME (0)\n",
      "calculating LIME (0) and KernelSHAP (1)\n",
      "calculating LIME (0) and Grad (2)\n",
      "calculating LIME (0) and Grad*Input (3)\n",
      "calculating LIME (0) and IntGrad (4)\n",
      "calculating LIME (0) and SmoothGRAD (5)\n",
      "calculating KernelSHAP (1) and KernelSHAP (1)\n",
      "calculating KernelSHAP (1) and Grad (2)\n",
      "calculating KernelSHAP (1) and Grad*Input (3)\n",
      "calculating KernelSHAP (1) and IntGrad (4)\n",
      "calculating KernelSHAP (1) and SmoothGRAD (5)\n",
      "calculating Grad (2) and Grad (2)\n",
      "calculating Grad (2) and Grad*Input (3)\n",
      "calculating Grad (2) and IntGrad (4)\n",
      "calculating Grad (2) and SmoothGRAD (5)\n",
      "calculating Grad*Input (3) and Grad*Input (3)\n",
      "calculating Grad*Input (3) and IntGrad (4)\n",
      "calculating Grad*Input (3) and SmoothGRAD (5)\n",
      "calculating IntGrad (4) and IntGrad (4)\n",
      "calculating IntGrad (4) and SmoothGRAD (5)\n",
      "calculating SmoothGRAD (5) and SmoothGRAD (5)\n",
      "[[1.         0.99336482 0.83333333 0.90688259 0.90688259 0.83333333]\n",
      " [0.99336482 1.         0.837157   0.904296   0.904296   0.837157  ]\n",
      " [0.83333333 0.837157   1.         0.83816914 0.83816914 1.        ]\n",
      " [0.90688259 0.904296   0.83816914 1.         1.         0.83816914]\n",
      " [0.90688259 0.904296   0.83816914 1.         1.         0.83816914]\n",
      " [0.83333333 0.837157   1.         0.83816914 0.83816914 1.        ]]\n",
      "----------- calculating top k agreement for nn_logistic, k=7\n",
      "calculating LIME (0) and LIME (0)\n",
      "calculating LIME (0) and KernelSHAP (1)\n",
      "calculating LIME (0) and Grad (2)\n",
      "calculating LIME (0) and Grad*Input (3)\n",
      "calculating LIME (0) and IntGrad (4)\n",
      "calculating LIME (0) and SmoothGRAD (5)\n",
      "calculating KernelSHAP (1) and KernelSHAP (1)\n",
      "calculating KernelSHAP (1) and Grad (2)\n",
      "calculating KernelSHAP (1) and Grad*Input (3)\n",
      "calculating KernelSHAP (1) and IntGrad (4)\n",
      "calculating KernelSHAP (1) and SmoothGRAD (5)\n",
      "calculating Grad (2) and Grad (2)\n",
      "calculating Grad (2) and Grad*Input (3)\n",
      "calculating Grad (2) and IntGrad (4)\n",
      "calculating Grad (2) and SmoothGRAD (5)\n",
      "calculating Grad*Input (3) and Grad*Input (3)\n",
      "calculating Grad*Input (3) and IntGrad (4)\n",
      "calculating Grad*Input (3) and SmoothGRAD (5)\n",
      "calculating IntGrad (4) and IntGrad (4)\n",
      "calculating IntGrad (4) and SmoothGRAD (5)\n",
      "calculating SmoothGRAD (5) and SmoothGRAD (5)\n"
     ]
    },
    {
     "name": "stdout",
     "output_type": "stream",
     "text": [
      "[[1. 1. 1. 1. 1. 1.]\n",
      " [1. 1. 1. 1. 1. 1.]\n",
      " [1. 1. 1. 1. 1. 1.]\n",
      " [1. 1. 1. 1. 1. 1.]\n",
      " [1. 1. 1. 1. 1. 1.]\n",
      " [1. 1. 1. 1. 1. 1.]]\n"
     ]
    },
    {
     "data": {
