{
 "cells": [
  {
   "cell_type": "code",
   "execution_count": 1,
   "id": "2e467c3c",
   "metadata": {},
   "outputs": [],
   "source": [
    "import numpy as np\n",
    "import pickle\n",
    "\n",
    "from scipy.stats import spearmanr\n",
    "import itertools\n",
    "\n",
    "import seaborn as sns\n",
    "import matplotlib.pyplot as plt"
   ]
  },
  {
   "cell_type": "markdown",
   "id": "1bbdb286",
   "metadata": {},
   "source": [
    "# load explanations"
   ]
  },
  {
   "cell_type": "code",
   "execution_count": 2,
   "id": "d1237f76",
   "metadata": {},
   "outputs": [],
   "source": [
    "#load explanations\n",
    "\n",
    "#lime\n",
    "method='lime'\n",
    "model_names = ['logistic', 'gb', 'rf', 'nn', 'nn_logistic']\n",
    "n=3000\n",
    "\n",
    "filenames = {m: f'explanations/expl_{method}_{m}_n{n}.pkl' for m in model_names}\n",
    "attr_lime = {m: pickle.load(open(filenames[m], 'rb')) for m in model_names}\n",
    "\n",
    "\n",
    "#kernelshap\n",
    "method='kernelshap'\n",
    "model_names = ['logistic', 'gb', 'rf', 'nn', 'nn_logistic']\n",
    "\n",
    "filenames = {m: f'explanations/expl_{method}_{m}.pkl' for m in model_names}\n",
    "attr_kernelshap = {m: pickle.load(open(filenames[m], 'rb')) for m in model_names}\n",
    "\n",
    "\n",
    "#vanillagrad\n",
    "method='vanillagrad'\n",
    "model_names = ['nn', 'nn_logistic']\n",
    "\n",
    "filenames = {m: f'explanations/expl_{method}_{m}.pkl' for m in model_names}\n",
    "attr_vanillagrad = {m: pickle.load(open(filenames[m], 'rb')) for m in model_names}\n",
    "\n",
    "\n",
    "#gradient*input\n",
    "method='gradtinput'\n",
    "model_names = ['nn', 'nn_logistic']\n",
    "\n",
    "filenames = {m: f'explanations/expl_{method}_{m}.pkl' for m in model_names}\n",
    "attr_gradtinput = {m: pickle.load(open(filenames[m], 'rb')) for m in model_names}\n",
    "\n",
    "\n",
    "#integrated gradients\n",
    "method='integratedgrad'\n",
    "model_names = ['nn', 'nn_logistic']\n",
    "n=1500\n",
    "\n",
    "filenames = {m: f'explanations/expl_{method}_{m}_n{n}.pkl' for m in model_names}\n",
    "attr_integratedgrad = {m: pickle.load(open(filenames[m], 'rb')) for m in model_names}\n",
    "\n",
    "\n",
    "#smoothgrad\n",
    "method='smoothgrad'\n",
    "model_names = ['nn', 'nn_logistic']\n",
    "n=1500\n",
    "\n",
    "filenames = {m: f'explanations/expl_{method}_{m}_n{n}.pkl' for m in model_names}\n",
    "attr_smoothgrad = {m: pickle.load(open(filenames[m], 'rb')) for m in model_names}\n"
   ]
  },
  {
   "cell_type": "markdown",
   "id": "98ba21a3",
   "metadata": {},
   "source": [
    "# calculate rank correlations + plot"
   ]
  },
  {
   "cell_type": "code",
   "execution_count": 3,
   "id": "7b141951",
   "metadata": {},
   "outputs": [],
   "source": [
    "def calc_rank_corr_two_methods(attr1, attr2, k):\n",
    "    '''\n",
    "    attr1: np.array, n x p\n",
    "    attr2: np.array, n x p\n",
    "    '''\n",
    "    #calculate feature ranks, top k features\n",
    "    ranks1 = np.argsort(-np.abs(attr1), axis=1)[:, 0:k]\n",
    "    ranks2 = np.argsort(-np.abs(attr2), axis=1)[:, 0:k]\n",
    "\n",
    "    #calculate rank correlation for each data point\n",
    "    #https://stackoverflow.com/questions/44947030/how-to-get-scipy-stats-spearmanra-b-compute-correlation-only-between-variable\n",
    "    corrs = []\n",
    "    for row in range(ranks1.shape[0]):\n",
    "        rho, _ = spearmanr(ranks1[row, :], ranks2[row, :])\n",
    "        corrs.append(rho)\n",
    "        \n",
    "    return np.array(corrs) #rank correlations for each datapoint\n",
    "\n",
    "\n"
   ]
  },
  {
   "cell_type": "code",
   "execution_count": 4,
   "id": "3808e178",
   "metadata": {},
   "outputs": [],
   "source": [
    "def calc_rank_corr_all_methods(expl_methods_names, expl_methods_attrs, k):\n",
    "    \n",
    "    #initiate correlation matrix\n",
    "    num_expl_methods = len(expl_methods_attrs)\n",
    "    corr_matrix = np.zeros([num_expl_methods, num_expl_methods])\n",
    "    \n",
    "    #fill correlation matrix with average rank correlation\n",
    "    for a, b in itertools.combinations_with_replacement(range(num_expl_methods), 2):\n",
    "        print(f'calculating {expl_methods_names[a]} ({a}) and {expl_methods_names[b]} ({b})')\n",
    "        corrs = calc_rank_corr_two_methods(expl_methods_attrs[a], expl_methods_attrs[b], k) #rank correlations for each datapoint\n",
    "        corr_matrix[a, b] = np.mean(corrs) #average rank correlation\n",
    "        corr_matrix[b, a] = corr_matrix[a, b]\n",
    "        \n",
    "    return corr_matrix\n",
    "    \n",
    "    "
   ]
  },
  {
   "cell_type": "code",
   "execution_count": 5,
   "id": "d4c5f24a",
   "metadata": {},
   "outputs": [],
   "source": [
    "def plot_corr_matrix(corr_matrix, plot_path, \n",
    "                     labels=['LIME', 'KernelSHAP', 'Grad', 'Grad*Input', 'IntGrad', 'SmoothGRAD']):\n",
    "    mask = np.invert(np.tril(np.ones_like(corr_matrix, dtype=bool))) #mask for upper triangle\n",
    "    cmap = sns.color_palette('vlag', as_cmap=True) #diverging colormap\n",
    "    \n",
    "    #heatmap\n",
    "    plt.figure(figsize=(15, 7))\n",
    "    sns.heatmap(corr_matrix, mask=mask, cmap=cmap, \n",
    "                vmin=-1, vmax=1, center=0,\n",
    "                xticklabels=labels, yticklabels=labels,\n",
    "                square=True, linewidths=.5, cbar_kws={'shrink': 0.995})\n",
    "    plt.yticks(rotation=0)\n",
    "    plt.savefig(plot_path, facecolor='white', transparent=False)"
   ]
  },
  {
   "cell_type": "code",
   "execution_count": 6,
   "id": "d75f3380",
   "metadata": {},
   "outputs": [],
   "source": [
    "#combine both functions\n",
    "def rank_correlation_analysis(expl_methods_names, expl_methods_attrs, k, plot_path, \n",
    "                              labels=['LIME', 'KernelSHAP', 'Grad', 'Grad*Input', 'IntGrad', 'SmoothGRAD']):\n",
    "    corr_matrix = calc_rank_corr_all_methods(expl_methods_names, expl_methods_attrs, k)\n",
    "    plot_corr_matrix(corr_matrix, plot_path, labels)\n",
    "    \n",
    "    return corr_matrix"
   ]
  },
  {
   "cell_type": "markdown",
   "id": "c2d59da2",
   "metadata": {},
   "source": [
    "# results, evaluate all k's"
   ]
  },
  {
   "cell_type": "markdown",
   "id": "fac132c0",
   "metadata": {},
   "source": [
    "### NN + logistic"
   ]
  },
  {
   "cell_type": "code",
   "execution_count": 7,
   "id": "9689957b",
   "metadata": {},
   "outputs": [
    {
     "name": "stdout",
     "output_type": "stream",
     "text": [
      "----------- calculating rank correlation for nn, k=2\n",
      "calculating LIME (0) and LIME (0)\n",
      "calculating LIME (0) and KernelSHAP (1)\n",
      "calculating LIME (0) and Grad (2)\n",
      "calculating LIME (0) and Grad*Input (3)\n",
      "calculating LIME (0) and IntGrad (4)\n",
      "calculating LIME (0) and SmoothGRAD (5)\n",
      "calculating KernelSHAP (1) and KernelSHAP (1)\n",
      "calculating KernelSHAP (1) and Grad (2)\n",
      "calculating KernelSHAP (1) and Grad*Input (3)\n",
      "calculating KernelSHAP (1) and IntGrad (4)\n",
      "calculating KernelSHAP (1) and SmoothGRAD (5)\n",
      "calculating Grad (2) and Grad (2)\n",
      "calculating Grad (2) and Grad*Input (3)\n",
      "calculating Grad (2) and IntGrad (4)\n",
      "calculating Grad (2) and SmoothGRAD (5)\n",
      "calculating Grad*Input (3) and Grad*Input (3)\n",
      "calculating Grad*Input (3) and IntGrad (4)\n",
      "calculating Grad*Input (3) and SmoothGRAD (5)\n",
      "calculating IntGrad (4) and IntGrad (4)\n",
      "calculating IntGrad (4) and SmoothGRAD (5)\n",
      "calculating SmoothGRAD (5) and SmoothGRAD (5)\n",
      "[[1.         0.22402159 0.72874494 0.96221323 0.9608637  0.97840756]\n",
      " [0.22402159 1.         0.17139001 0.24291498 0.24426451 0.21322537]\n",
      " [0.72874494 0.17139001 1.         0.70175439 0.70040486 0.74763833]\n",
      " [0.96221323 0.24291498 0.70175439 1.         0.99325236 0.951417  ]\n",
      " [0.9608637  0.24426451 0.70040486 0.99325236 1.         0.95006748]\n",
      " [0.97840756 0.21322537 0.74763833 0.951417   0.95006748 1.        ]]\n",
      "----------- calculating rank correlation for nn, k=3\n",
      "calculating LIME (0) and LIME (0)\n",
      "calculating LIME (0) and KernelSHAP (1)\n",
      "calculating LIME (0) and Grad (2)\n",
      "calculating LIME (0) and Grad*Input (3)\n",
      "calculating LIME (0) and IntGrad (4)\n",
      "calculating LIME (0) and SmoothGRAD (5)\n",
      "calculating KernelSHAP (1) and KernelSHAP (1)\n",
      "calculating KernelSHAP (1) and Grad (2)\n",
      "calculating KernelSHAP (1) and Grad*Input (3)\n",
      "calculating KernelSHAP (1) and IntGrad (4)\n",
      "calculating KernelSHAP (1) and SmoothGRAD (5)\n",
      "calculating Grad (2) and Grad (2)\n",
      "calculating Grad (2) and Grad*Input (3)\n",
      "calculating Grad (2) and IntGrad (4)\n",
      "calculating Grad (2) and SmoothGRAD (5)\n",
      "calculating Grad*Input (3) and Grad*Input (3)\n",
      "calculating Grad*Input (3) and IntGrad (4)\n",
      "calculating Grad*Input (3) and SmoothGRAD (5)\n",
      "calculating IntGrad (4) and IntGrad (4)\n",
      "calculating IntGrad (4) and SmoothGRAD (5)\n",
      "calculating SmoothGRAD (5) and SmoothGRAD (5)\n",
      "[[1.         0.34278003 0.40047233 0.71659919 0.7108637  0.53205128]\n",
      " [0.34278003 1.         0.13225371 0.26788124 0.26653171 0.15452092]\n",
      " [0.40047233 0.13225371 1.         0.51754386 0.52125506 0.74763833]\n",
      " [0.71659919 0.26788124 0.51754386 1.         0.95985155 0.71929825]\n",
      " [0.7108637  0.26653171 0.52125506 0.95985155 1.         0.71963563]\n",
      " [0.53205128 0.15452092 0.74763833 0.71929825 0.71963563 1.        ]]\n",
      "----------- calculating rank correlation for nn, k=4\n",
      "calculating LIME (0) and LIME (0)\n",
      "calculating LIME (0) and KernelSHAP (1)\n",
      "calculating LIME (0) and Grad (2)\n",
      "calculating LIME (0) and Grad*Input (3)\n",
      "calculating LIME (0) and IntGrad (4)\n",
      "calculating LIME (0) and SmoothGRAD (5)\n",
      "calculating KernelSHAP (1) and KernelSHAP (1)\n",
      "calculating KernelSHAP (1) and Grad (2)\n",
      "calculating KernelSHAP (1) and Grad*Input (3)\n",
      "calculating KernelSHAP (1) and IntGrad (4)\n",
      "calculating KernelSHAP (1) and SmoothGRAD (5)\n",
      "calculating Grad (2) and Grad (2)\n",
      "calculating Grad (2) and Grad*Input (3)\n",
      "calculating Grad (2) and IntGrad (4)\n",
      "calculating Grad (2) and SmoothGRAD (5)\n",
      "calculating Grad*Input (3) and Grad*Input (3)\n",
      "calculating Grad*Input (3) and IntGrad (4)\n",
      "calculating Grad*Input (3) and SmoothGRAD (5)\n",
      "calculating IntGrad (4) and IntGrad (4)\n",
      "calculating IntGrad (4) and SmoothGRAD (5)\n",
      "calculating SmoothGRAD (5) and SmoothGRAD (5)\n",
      "[[1.         0.22753036 0.31781377 0.55843455 0.54966262 0.44439946]\n",
      " [0.22753036 1.         0.09109312 0.26194332 0.26167341 0.10364372]\n",
      " [0.31781377 0.09109312 1.         0.36761134 0.37692308 0.75330634]\n",
      " [0.55843455 0.26194332 0.36761134 1.         0.95560054 0.54264507]\n",
      " [0.54966262 0.26167341 0.37692308 0.95560054 1.         0.54642375]\n",
      " [0.44439946 0.10364372 0.75330634 0.54264507 0.54642375 1.        ]]\n",
      "----------- calculating rank correlation for nn, k=5\n",
      "calculating LIME (0) and LIME (0)\n",
      "calculating LIME (0) and KernelSHAP (1)\n",
      "calculating LIME (0) and Grad (2)\n",
      "calculating LIME (0) and Grad*Input (3)\n",
      "calculating LIME (0) and IntGrad (4)\n",
      "calculating LIME (0) and SmoothGRAD (5)\n",
      "calculating KernelSHAP (1) and KernelSHAP (1)\n",
      "calculating KernelSHAP (1) and Grad (2)\n",
      "calculating KernelSHAP (1) and Grad*Input (3)\n",
      "calculating KernelSHAP (1) and IntGrad (4)\n",
      "calculating KernelSHAP (1) and SmoothGRAD (5)\n",
      "calculating Grad (2) and Grad (2)\n",
      "calculating Grad (2) and Grad*Input (3)\n",
      "calculating Grad (2) and IntGrad (4)\n",
      "calculating Grad (2) and SmoothGRAD (5)\n",
      "calculating Grad*Input (3) and Grad*Input (3)\n",
      "calculating Grad*Input (3) and IntGrad (4)\n",
      "calculating Grad*Input (3) and SmoothGRAD (5)\n",
      "calculating IntGrad (4) and IntGrad (4)\n",
      "calculating IntGrad (4) and SmoothGRAD (5)\n",
      "calculating SmoothGRAD (5) and SmoothGRAD (5)\n",
      "[[ 1.          0.34919028 -0.19278003  0.50607287  0.50121457 -0.16605938]\n",
      " [ 0.34919028  1.         -0.17651822  0.26626181  0.26835358 -0.19500675]\n",
      " [-0.19278003 -0.17651822  1.          0.05357625  0.05775978  0.83475034]\n",
      " [ 0.50607287  0.26626181  0.05357625  1.          0.95674764  0.15026991]\n",
      " [ 0.50121457  0.26835358  0.05775978  0.95674764  1.          0.15242915]\n",
      " [-0.16605938 -0.19500675  0.83475034  0.15026991  0.15242915  1.        ]]\n",
      "----------- calculating rank correlation for nn, k=6\n",
      "calculating LIME (0) and LIME (0)\n",
      "calculating LIME (0) and KernelSHAP (1)\n",
      "calculating LIME (0) and Grad (2)\n",
      "calculating LIME (0) and Grad*Input (3)\n",
      "calculating LIME (0) and IntGrad (4)\n",
      "calculating LIME (0) and SmoothGRAD (5)\n",
      "calculating KernelSHAP (1) and KernelSHAP (1)\n",
      "calculating KernelSHAP (1) and Grad (2)\n",
      "calculating KernelSHAP (1) and Grad*Input (3)\n",
      "calculating KernelSHAP (1) and IntGrad (4)\n",
      "calculating KernelSHAP (1) and SmoothGRAD (5)\n",
      "calculating Grad (2) and Grad (2)\n",
      "calculating Grad (2) and Grad*Input (3)\n",
      "calculating Grad (2) and IntGrad (4)\n",
      "calculating Grad (2) and SmoothGRAD (5)\n",
      "calculating Grad*Input (3) and Grad*Input (3)\n",
      "calculating Grad*Input (3) and IntGrad (4)\n",
      "calculating Grad*Input (3) and SmoothGRAD (5)\n",
      "calculating IntGrad (4) and IntGrad (4)\n",
      "calculating IntGrad (4) and SmoothGRAD (5)\n",
      "calculating SmoothGRAD (5) and SmoothGRAD (5)\n",
      "[[ 1.          0.42907268 -0.13263929  0.48158859  0.47877386 -0.05629458]\n",
      " [ 0.42907268  1.         -0.10992867  0.28594563  0.28987854 -0.08517447]\n",
      " [-0.13263929 -0.10992867  1.          0.09643339  0.10032774  0.80088683]\n",
      " [ 0.48158859  0.28594563  0.09643339  1.          0.96290727  0.22756892]\n",
      " [ 0.47877386  0.28987854  0.10032774  0.96290727  1.          0.22949682]\n",
      " [-0.05629458 -0.08517447  0.80088683  0.22756892  0.22949682  1.        ]]\n",
      "----------- calculating rank correlation for nn, k=7\n",
      "calculating LIME (0) and LIME (0)\n",
      "calculating LIME (0) and KernelSHAP (1)\n",
      "calculating LIME (0) and Grad (2)\n",
      "calculating LIME (0) and Grad*Input (3)\n",
      "calculating LIME (0) and IntGrad (4)\n",
      "calculating LIME (0) and SmoothGRAD (5)\n",
      "calculating KernelSHAP (1) and KernelSHAP (1)\n",
      "calculating KernelSHAP (1) and Grad (2)\n",
      "calculating KernelSHAP (1) and Grad*Input (3)\n",
      "calculating KernelSHAP (1) and IntGrad (4)\n",
      "calculating KernelSHAP (1) and SmoothGRAD (5)\n",
      "calculating Grad (2) and Grad (2)\n",
      "calculating Grad (2) and Grad*Input (3)\n",
      "calculating Grad (2) and IntGrad (4)\n",
      "calculating Grad (2) and SmoothGRAD (5)\n",
      "calculating Grad*Input (3) and Grad*Input (3)\n",
      "calculating Grad*Input (3) and IntGrad (4)\n",
      "calculating Grad*Input (3) and SmoothGRAD (5)\n",
      "calculating IntGrad (4) and IntGrad (4)\n",
      "calculating IntGrad (4) and SmoothGRAD (5)\n",
      "calculating SmoothGRAD (5) and SmoothGRAD (5)\n",
      "[[ 1.          0.49616831 -0.11321573  0.50660305  0.50612107 -0.10094949]\n",
      " [ 0.49616831  1.         -0.05643917  0.37550607  0.37950646 -0.076417  ]\n",
      " [-0.11321573 -0.05643917  1.          0.15370156  0.1566898   0.77552053]\n",
      " [ 0.50660305  0.37550607  0.15370156  1.          0.96609312  0.21737035]\n",
      " [ 0.50612107  0.37950646  0.1566898   0.96609312  1.          0.21859938]\n",
      " [-0.10094949 -0.076417    0.77552053  0.21737035  0.21859938  1.        ]]\n",
      "----------- calculating rank correlation for nn_logistic, k=2\n",
      "calculating LIME (0) and LIME (0)\n",
      "calculating LIME (0) and KernelSHAP (1)\n"
     ]
    },
    {
     "name": "stdout",
     "output_type": "stream",
     "text": [
      "calculating LIME (0) and Grad (2)\n",
      "calculating LIME (0) and Grad*Input (3)\n",
      "calculating LIME (0) and IntGrad (4)\n",
      "calculating LIME (0) and SmoothGRAD (5)\n",
      "calculating KernelSHAP (1) and KernelSHAP (1)\n",
      "calculating KernelSHAP (1) and Grad (2)\n",
      "calculating KernelSHAP (1) and Grad*Input (3)\n",
      "calculating KernelSHAP (1) and IntGrad (4)\n",
      "calculating KernelSHAP (1) and SmoothGRAD (5)\n",
      "calculating Grad (2) and Grad (2)\n",
      "calculating Grad (2) and Grad*Input (3)\n",
      "calculating Grad (2) and IntGrad (4)\n",
      "calculating Grad (2) and SmoothGRAD (5)\n",
      "calculating Grad*Input (3) and Grad*Input (3)\n",
      "calculating Grad*Input (3) and IntGrad (4)\n",
      "calculating Grad*Input (3) and SmoothGRAD (5)\n",
      "calculating IntGrad (4) and IntGrad (4)\n",
      "calculating IntGrad (4) and SmoothGRAD (5)\n",
      "calculating SmoothGRAD (5) and SmoothGRAD (5)\n",
      "[[1.         0.15789474 1.         0.96221323 0.96221323 1.        ]\n",
      " [0.15789474 1.         0.15789474 0.19568151 0.19568151 0.15789474]\n",
      " [1.         0.15789474 1.         0.96221323 0.96221323 1.        ]\n",
      " [0.96221323 0.19568151 0.96221323 1.         1.         0.96221323]\n",
      " [0.96221323 0.19568151 0.96221323 1.         1.         0.96221323]\n",
      " [1.         0.15789474 1.         0.96221323 0.96221323 1.        ]]\n",
      "----------- calculating rank correlation for nn_logistic, k=3\n",
      "calculating LIME (0) and LIME (0)\n",
      "calculating LIME (0) and KernelSHAP (1)\n",
      "calculating LIME (0) and Grad (2)\n",
      "calculating LIME (0) and Grad*Input (3)\n",
      "calculating LIME (0) and IntGrad (4)\n",
      "calculating LIME (0) and SmoothGRAD (5)\n",
      "calculating KernelSHAP (1) and KernelSHAP (1)\n",
      "calculating KernelSHAP (1) and Grad (2)\n",
      "calculating KernelSHAP (1) and Grad*Input (3)\n",
      "calculating KernelSHAP (1) and IntGrad (4)\n",
      "calculating KernelSHAP (1) and SmoothGRAD (5)\n",
      "calculating Grad (2) and Grad (2)\n",
      "calculating Grad (2) and Grad*Input (3)\n",
      "calculating Grad (2) and IntGrad (4)\n",
      "calculating Grad (2) and SmoothGRAD (5)\n",
      "calculating Grad*Input (3) and Grad*Input (3)\n",
      "calculating Grad*Input (3) and IntGrad (4)\n",
      "calculating Grad*Input (3) and SmoothGRAD (5)\n",
      "calculating IntGrad (4) and IntGrad (4)\n",
      "calculating IntGrad (4) and SmoothGRAD (5)\n",
      "calculating SmoothGRAD (5) and SmoothGRAD (5)\n",
      "[[1.         0.14608637 0.99763833 0.7182861  0.7182861  0.99763833]\n",
      " [0.14608637 1.         0.14676113 0.20951417 0.20951417 0.14676113]\n",
      " [0.99763833 0.14676113 1.         0.71862348 0.71862348 1.        ]\n",
      " [0.7182861  0.20951417 0.71862348 1.         1.         0.71862348]\n",
      " [0.7182861  0.20951417 0.71862348 1.         1.         0.71862348]\n",
      " [0.99763833 0.14676113 1.         0.71862348 0.71862348 1.        ]]\n",
      "----------- calculating rank correlation for nn_logistic, k=4\n",
      "calculating LIME (0) and LIME (0)\n",
      "calculating LIME (0) and KernelSHAP (1)\n",
      "calculating LIME (0) and Grad (2)\n",
      "calculating LIME (0) and Grad*Input (3)\n",
      "calculating LIME (0) and IntGrad (4)\n",
      "calculating LIME (0) and SmoothGRAD (5)\n",
      "calculating KernelSHAP (1) and KernelSHAP (1)\n",
      "calculating KernelSHAP (1) and Grad (2)\n",
      "calculating KernelSHAP (1) and Grad*Input (3)\n",
      "calculating KernelSHAP (1) and IntGrad (4)\n",
      "calculating KernelSHAP (1) and SmoothGRAD (5)\n",
      "calculating Grad (2) and Grad (2)\n",
      "calculating Grad (2) and Grad*Input (3)\n",
      "calculating Grad (2) and IntGrad (4)\n",
      "calculating Grad (2) and SmoothGRAD (5)\n",
      "calculating Grad*Input (3) and Grad*Input (3)\n",
      "calculating Grad*Input (3) and IntGrad (4)\n",
      "calculating Grad*Input (3) and SmoothGRAD (5)\n",
      "calculating IntGrad (4) and IntGrad (4)\n",
      "calculating IntGrad (4) and SmoothGRAD (5)\n",
      "calculating SmoothGRAD (5) and SmoothGRAD (5)\n",
      "[[1.         0.40580297 0.39905533 0.58947368 0.58947368 0.39905533]\n",
      " [0.40580297 1.         0.03670715 0.22618084 0.22618084 0.03670715]\n",
      " [0.39905533 0.03670715 1.         0.54993252 0.54993252 1.        ]\n",
      " [0.58947368 0.22618084 0.54993252 1.         1.         0.54993252]\n",
      " [0.58947368 0.22618084 0.54993252 1.         1.         0.54993252]\n",
      " [0.39905533 0.03670715 1.         0.54993252 0.54993252 1.        ]]\n",
      "----------- calculating rank correlation for nn_logistic, k=5\n",
      "calculating LIME (0) and LIME (0)\n",
      "calculating LIME (0) and KernelSHAP (1)\n",
      "calculating LIME (0) and Grad (2)\n",
      "calculating LIME (0) and Grad*Input (3)\n",
      "calculating LIME (0) and IntGrad (4)\n",
      "calculating LIME (0) and SmoothGRAD (5)\n",
      "calculating KernelSHAP (1) and KernelSHAP (1)\n",
      "calculating KernelSHAP (1) and Grad (2)\n",
      "calculating KernelSHAP (1) and Grad*Input (3)\n",
      "calculating KernelSHAP (1) and IntGrad (4)\n",
      "calculating KernelSHAP (1) and SmoothGRAD (5)\n",
      "calculating Grad (2) and Grad (2)\n",
      "calculating Grad (2) and Grad*Input (3)\n",
      "calculating Grad (2) and IntGrad (4)\n",
      "calculating Grad (2) and SmoothGRAD (5)\n",
      "calculating Grad*Input (3) and Grad*Input (3)\n",
      "calculating Grad*Input (3) and IntGrad (4)\n",
      "calculating Grad*Input (3) and SmoothGRAD (5)\n",
      "calculating IntGrad (4) and IntGrad (4)\n",
      "calculating IntGrad (4) and SmoothGRAD (5)\n",
      "calculating SmoothGRAD (5) and SmoothGRAD (5)\n",
      "[[ 1.          0.50107962 -0.10047233  0.50391363  0.50391363 -0.10047233]\n",
      " [ 0.50107962  1.         -0.20290148  0.24338731  0.24338731 -0.20290148]\n",
      " [-0.10047233 -0.20290148  1.          0.19325236  0.19325236  1.        ]\n",
      " [ 0.50391363  0.24338731  0.19325236  1.          1.          0.19325236]\n",
      " [ 0.50391363  0.24338731  0.19325236  1.          1.          0.19325236]\n",
      " [-0.10047233 -0.20290148  1.          0.19325236  0.19325236  1.        ]]\n",
      "----------- calculating rank correlation for nn_logistic, k=6\n",
      "calculating LIME (0) and LIME (0)\n",
      "calculating LIME (0) and KernelSHAP (1)\n",
      "calculating LIME (0) and Grad (2)\n",
      "calculating LIME (0) and Grad*Input (3)\n",
      "calculating LIME (0) and IntGrad (4)\n",
      "calculating LIME (0) and SmoothGRAD (5)\n",
      "calculating KernelSHAP (1) and KernelSHAP (1)\n",
      "calculating KernelSHAP (1) and Grad (2)\n",
      "calculating KernelSHAP (1) and Grad*Input (3)\n",
      "calculating KernelSHAP (1) and IntGrad (4)\n",
      "calculating KernelSHAP (1) and SmoothGRAD (5)\n",
      "calculating Grad (2) and Grad (2)\n",
      "calculating Grad (2) and Grad*Input (3)\n",
      "calculating Grad (2) and IntGrad (4)\n",
      "calculating Grad (2) and SmoothGRAD (5)\n",
      "calculating Grad*Input (3) and Grad*Input (3)\n",
      "calculating Grad*Input (3) and IntGrad (4)\n",
      "calculating Grad*Input (3) and SmoothGRAD (5)\n",
      "calculating IntGrad (4) and IntGrad (4)\n",
      "calculating IntGrad (4) and SmoothGRAD (5)\n",
      "calculating SmoothGRAD (5) and SmoothGRAD (5)\n",
      "[[ 1.          0.52909196 -0.12519761  0.44245228  0.44245228 -0.12519761]\n",
      " [ 0.52909196  1.         -0.12639291  0.2493156   0.2493156  -0.12639291]\n",
      " [-0.12519761 -0.12639291  1.          0.26801619  0.26801619  1.        ]\n",
      " [ 0.44245228  0.2493156   0.26801619  1.          1.          0.26801619]\n",
      " [ 0.44245228  0.2493156   0.26801619  1.          1.          0.26801619]\n",
      " [-0.12519761 -0.12639291  1.          0.26801619  0.26801619  1.        ]]\n",
      "----------- calculating rank correlation for nn_logistic, k=7\n",
      "calculating LIME (0) and LIME (0)\n",
      "calculating LIME (0) and KernelSHAP (1)\n",
      "calculating LIME (0) and Grad (2)\n",
      "calculating LIME (0) and Grad*Input (3)\n",
      "calculating LIME (0) and IntGrad (4)\n",
      "calculating LIME (0) and SmoothGRAD (5)\n",
      "calculating KernelSHAP (1) and KernelSHAP (1)\n",
      "calculating KernelSHAP (1) and Grad (2)\n",
      "calculating KernelSHAP (1) and Grad*Input (3)\n",
      "calculating KernelSHAP (1) and IntGrad (4)\n",
      "calculating KernelSHAP (1) and SmoothGRAD (5)\n",
      "calculating Grad (2) and Grad (2)\n",
      "calculating Grad (2) and Grad*Input (3)\n",
      "calculating Grad (2) and IntGrad (4)\n",
      "calculating Grad (2) and SmoothGRAD (5)\n",
      "calculating Grad*Input (3) and Grad*Input (3)\n",
      "calculating Grad*Input (3) and IntGrad (4)\n",
      "calculating Grad*Input (3) and SmoothGRAD (5)\n",
      "calculating IntGrad (4) and IntGrad (4)\n",
      "calculating IntGrad (4) and SmoothGRAD (5)\n",
      "calculating SmoothGRAD (5) and SmoothGRAD (5)\n",
      "[[ 1.          0.57569404 -0.16469057  0.48942067  0.48942067 -0.16469057]\n",
      " [ 0.57569404  1.         -0.11270966  0.34598516  0.34598516 -0.11270966]\n",
      " [-0.16469057 -0.11270966  1.          0.24587912  0.24587912  1.        ]\n",
      " [ 0.48942067  0.34598516  0.24587912  1.          1.          0.24587912]\n",
      " [ 0.48942067  0.34598516  0.24587912  1.          1.          0.24587912]\n",
      " [-0.16469057 -0.11270966  1.          0.24587912  0.24587912  1.        ]]\n"
     ]
    },
    {
     "data": {
